0.44960042304882464
0.8189670392709345
0.3922733059012158
0.4552319803600262
0.2361032861930732
0.1323371822456676
0.8044831114282274
0.29418859550731624
0.48529528683174417
0.23238906253174796
0.7213735151334146
0.9643092687917282
0.31590555594077685
0.8661504195681018
0.5941571093263215
0.15924227529929658
0.6897610907385188
0.6016164079322472
0.5684632108606449
0.11422382755697646
0.359215374923484
0.3375257777628877
0.8489205205860222
0.617267579632362
0.6526018035000973
0.769916432065882
0.47915081674453575
0.3315281539180024
0.13341487375685895
0.7293606159430516
0.45425660426299963
0.9441587712019157
0.8561672746674911
0.960911925423197
0.10564687692567176
0.8565128177963586
0.6513672658755334
0.8509289662604238
0.36119066046838433
0.3572973874382679
0.23097454649088323
0.4830790860848413
0.33911741109124804
0.31053026907243697
0.8101367929293006
0.6694083418549543
0.7529995762627877
0.8173356199882815
0.06054849403111784
0.6952791751942025
0.9195827922912705
0.07293344107549604
0.038001203229856895
0.1910495665557832
0.6782056398248144
0.9754579105048915
0.3905757265018934
0.0935765647963962
0.157305809393103
0.08535899611074216
0.3522008780562751
0.8552669481248547
0.5300661407013063
0.12379152978400443
0.730635173865565
0.1418434203575143
0.8347061359606147
0.12174708897259512
0.3596915960854101
0.06979428421102574
0.16731201364213666
0.18736042759116023
0.8094539371511424
0.8124003127549815
0.8730775444876748
0.7555863461026475
0.5693690077998252
0.7051694619910227
0.030610922907783333
0.9869995075182953
0.9742304467242741
0.2679328076176217
0.09670353142973287
0.5338476143528212
0.1757908072215444
0.8002567333433506
0.7923272969570603
0.452000642359784
0.26903762985863366
0.9396291321475072
0.5812857942279122
0.16745327216957717
0.22384108990865936
0.56366131524532
0.7678643099017994
0.0018868505073665887
0.3470285689168229
0.7802422377489524
0.2668613061296572
0.09895723141447466


** Process exited - Return Code: 0 **